000011
000018
000019
000028
000029
000036
000037
000049
000053
000065
000075
000077
000078
000079
000086
000092
000098
000099
000114
000118
000119
000120
000122
000143
000167
000183
000209
000213
000215
000242
000246
000255
000290
000292
000324
000336
000354
000362
000365
000400
000401
000403
000430
000442
000454
000478
000486
000501
000528
000537
000542
000544
000549
000551
000582
000609
000651
000656
000673
000705
000716
000720
000722
000741
000746
000751
000756
000759
000772
000785
000794
000803
000849
000853
000857
000876
000877
000882
000897
000912
000919
000928
000947
000957
000958
000963
000998
001000
001009
001019
001032
001043
001044
001048
001053
001054
001056
001075
001078
001088
001098
001104
001110
001123
001128
001131
001146
001156
001190
001192
001195
001202
001203
001208
001209
001216
001225
001226
001232
001233
001239
001249
001257
001274
001293
001306
001313
001314
001316
001322
001324
001339
001381
001387
001389
001395
001397
001404
001418
001462
001467
001486
001507
001520
001541
001555
001562
001573
001582
001592
001607
001610
001639
001642
001655
001663
001669
001675
001680
001694
001702
001718
001738
001747
001751
001755
001767
001768
001774
001778
001790
001816
001825
001835
001840
001874
001888
001890
001906
001909
001934
001940
001966
001972
001973
001981
001982
001984
001985
002003
002006
002011
002034
002038
002048
002058
002059
002067
002076
002084
002095
002101
002106
002109
002113
002131
002138
002140
002146
002147
002151
002160
002162
002184
002196
002199
002200
002202
002205
002215
002222
002243
002275
002286
002303
002304
002312
002315
002327
002345
002359
002364
002375
002388
002391
002396
002407
002415
002437
002440
002445
002447
002453
002464
002466
002470
002480
002485
002537
002546
002578
002597
002609
002616
002642
002677
002680
002690
002697
002706
002720
002725
002732
002736
002760
002766
002784
002785
002796
002805
002810
002831
002849
002852
002853
002875
002876
002880
002923
002926
002934
002936
002944
002959
002966
002970
002973
002977
002995
003019
003040
003045
003080
003085
003095
003110
003114
003119
003125
003127